336
	88
	301
	421
	37
	148
	452
	199
	3
	413
	481
	17
	261
	33
	486
	337
	95
	77
	433
	100
	448
	355
	435
	461
	154
	155
	492
	164
	74
	20
	271
	111
	107
	78
	39
	143
	420
	192
	43
	124
	306
	30
	141
	73
	258
	328
	111
	352
	405
	51
	451
	359
	107
	95
	28
	456
	249
	26
	321
	25
	46
	99
	135
	347
	371
	368
	192
	493
	66
	429
	123
	73
	459
	458
	146
	223
	293
	451
	81
	204
	203
	234
	264
	12
	328
	291
	467
	83
	316
	294
	107
	63
	94
	242
	112
	167
	311
	303
	361
	377
	238
	185
	449
	398
	150
	296
	322
	442
	449
	105
	347
	158
	338
	117
	364
	172
	407
	337
	254
	424
	333
	361
	

Snorlax
